1.068569493440124640e-01 4.508344962791182020e-01 1.072904789678782445e-01 2.228100149554365084e-01 2.500731216740360585e-01 2.467871248769083481e-01 5.463110849560651738e-01 1.176437226088316024e-01
4.556662089560929996e-01 4.022407245241564899e-01 1.941323043533496051e-01 3.269784540269108364e-01 5.229118184964266502e-01 2.652365948180968047e-03 3.708016528695232683e-01 7.085036921122984666e-01
3.211652793743671186e-01 6.626719688665846375e-01 8.854093783405936335e-01 9.977497296789190617e-01 2.546754769818146968e-01 1.230456477781435298e-01 9.772944860321713945e-01 7.386504658446063631e-01
6.868275824546637987e-01 2.957154897883574884e-01 3.691743880186036941e-01 3.278791021660357741e-01 8.915659321210676058e-01 3.739891251558494778e-01 9.492568805505310348e-01 7.933040903466539451e-01
7.916426537714037481e-01 4.494649575632392313e-02 2.423021701173712072e-01 6.892489687957270572e-01 8.552610564530750414e-01 7.574586836572066995e-01 3.413414967186731985e-01 8.250260558771976838e-01
6.891072418680330713e-01 3.375242966166855929e-01 6.690063817058465867e-01 1.786772726571891345e-01 8.138572501131936532e-01 9.896367929143992104e-01 7.331193375228407527e-01 4.004575834714328986e-01
4.597585383520614855e-01 8.033994407003703930e-01 2.963223390912016475e-01 5.643125857504637244e-01 5.496044389181531375e-02 4.445120950289703776e-01 6.350345374412580401e-01 7.565448876769464981e-03
6.719285282854989827e-01 5.080104952889661352e-01 1.887236973194372780e-03 9.591623310269089542e-01 6.710745419425823144e-01 9.030196373503628360e-01 2.761664754914134878e-01 7.532555281066007913e-01
5.124158873769035782e-01 2.516370669511158731e-01 7.384244235755151875e-01 9.976415931974154105e-01 8.990940128462622249e-01 8.171224604477327347e-01 8.213176738409634359e-01 7.525104523486936259e-02
8.358797347104662823e-02 5.212817380206924422e-01 1.437648758541608673e-01 5.586387626764047765e-01 6.176859742878505477e-01 6.350743927100382935e-01 1.332093178137936373e-01 9.781403500786826077e-01
6.276987499620805266e-01 9.554022325080886446e-01 1.606502776848384162e-02 6.347654715406065851e-01 1.529815018287352668e-01 4.253785318931957438e-02 4.909437367686284581e-01 6.979351977544792085e-01
4.403957976513780403e-01 1.984965937647844569e-01 2.352172569730519580e-01 9.146293347797367357e-01 8.217494360890592597e-01 8.880828858712608298e-02 1.400176130869759117e-01 5.175290729998993644e-01
5.398567582319173663e-01 1.147085197985772131e-01 1.214553788181755856e-01 5.790497228881145153e-01 7.364981207678420461e-01 9.708755726532992680e-01 9.166667727618372785e-01 6.417614075887896341e-01
1.042167599963503832e-01 7.819018061621396676e-02 7.245475116709927388e-01 8.600297613212355419e-01 2.029247088868786353e-01 2.523369653481360997e-01 1.240214496784191045e-01 1.215992974183078834e-01
8.218176443043638812e-01 8.596230527077559636e-01 1.308821472093845140e-01 2.209153253932353289e-01 9.264698885940563233e-01 8.025535263284543364e-01 8.217425396221944567e-02 6.875973051086214927e-02
2.646531757718385558e-01 7.372644746821563899e-01 3.023216335425931156e-01 3.274082325948721728e-01 7.858542595626097915e-01 8.691302818766000193e-02 8.845180738889643068e-01 4.322445136628275675e-01
1.436019470965997913e-01 5.134797275071155687e-01 6.340299226462325910e-01 1.930891214188728000e-01 5.766681770982406974e-02 7.502477362611733591e-01 7.681930016000476646e-01 5.356828329212431905e-01
7.181745569773415605e-01 4.184893491537576837e-01 7.021119900484005250e-01 7.356609845658872437e-01 2.156912538378491506e-01 5.709753288971587404e-01 2.708886581429483797e-01 9.359375844634582053e-01
1.920870999659614053e-01 2.797635818681111219e-01 5.468077957358481456e-01 8.291659081282380939e-01 6.369100828512885837e-02 8.542033405873568075e-01 1.631862997781836633e-01 2.010470832970376875e-01
8.390592088966538631e-01 8.549568788918037177e-01 8.514717036271644002e-01 7.727723389185893188e-01 6.993536062901863914e-01 1.916929229143861102e-01 5.775969011238795137e-01 7.892979393498474883e-01
8.688919749328307685e-01 4.963382159743741084e-01 6.518545612155022262e-01 2.058382172350211592e-01 6.197721149120982709e-02 8.186961120758367016e-01 1.479945097448487346e-02 2.852531980372914333e-01
7.068134108910083535e-01 9.460046830120892869e-01 9.020094585860389813e-01 6.986590680899450456e-01 1.619467014114457371e-01 9.167756336863515099e-01 8.147850074143403454e-02 2.320921310230283918e-02
2.697739620166126340e-01 4.497771902460657723e-01 2.203528050515646264e-02 1.317325934343549498e-01 7.040977377523327529e-02 4.125622528882166851e-01 8.696666697240059696e-01 5.208824739009239035e-01
7.679795679745212711e-01 4.919600120503535567e-01 5.861167892522408662e-01 6.575673294570968386e-01 3.665987395090983814e-01 9.590353667997523202e-01 1.847611487907238059e-01 7.385428193577403544e-01
5.114772443305587446e-01 6.039270475441271824e-02 4.223859134573296759e-01 7.028406793833085198e-01 3.169691364997614391e-01 5.219009927188900111e-01 8.055301929572974418e-01 6.404097622057525196e-02
4.163299542896953254e-01 5.385529909890416356e-01 8.262071705844429292e-01 7.707291807597619337e-01 9.569535065171025368e-01 1.549723917101297754e-02 8.357968216871088929e-01 6.974769558704708716e-01
3.135362456667645237e-02 5.780283111104875804e-01 4.985564673329399010e-01 3.789225121337947977e-01 1.306883828997673636e-01 4.354020067008269601e-01 4.123107290923159196e-01 3.328751872973914061e-01
5.856744509333745574e-01 4.148723097956924510e-01 7.741145939431378631e-01 1.571889770963946775e-01 5.650344516326003541e-01 8.027922733706227554e-02 5.870541807940694579e-01 8.672099135040383100e-01
7.436651180905272662e-01 6.497692069661064052e-01 1.602079072028095297e-01 4.737974436068312922e-01 2.421568946703051006e-01 3.349903883302515206e-01 7.060983479318366784e-01 7.105754510950387237e-01
2.842915706361210937e-01 9.682460886304252723e-01 4.920840960028793898e-02 8.676476820000369461e-01 5.806083971516933229e-01 3.666716569636343515e-01 6.708369596027495829e-01 9.987858263813446102e-01
5.727597684329098771e-01 9.658079296154237214e-01 8.167100732599887891e-01 6.821656766234371894e-01 4.396611546642920088e-01 2.045970772211063160e-01 6.909409898684146789e-01 3.825486448832154940e-01
2.313948078621723692e-01 6.852168445168476119e-01 2.346355635060315414e-01 6.175903748915947400e-01 1.427038611860594886e-01 1.043000339519070119e-01 6.117059976563298251e-01 4.673748251846440160e-01
2.365220499577128654e-01 3.629614750825447267e-01 3.098630416219964046e-01 6.414809723991965473e-02 8.599585804437531733e-01 9.753819395258277458e-01 2.489573348472085002e-02 2.017899020460262038e-01
5.119990424728366740e-01 4.347147968296608544e-01 9.519013335061728975e-01 3.248641085003246554e-01 9.988344520948018168e-01 6.225292306763756667e-01 3.841524795361307421e-01 8.225118942575152525e-01
5.756640115763735910e-01 3.124916654606348931e-01 9.930549661262919603e-01 7.116320123428813149e-01 3.661712268118401115e-01 3.950548407741516499e-02 3.825616226541511677e-01 8.236155875474528987e-01
6.489117518234509552e-01 4.541720429110363000e-01 4.241118844587004055e-01 5.638876650028691317e-01 9.245533349036476611e-01 9.379762404473535042e-01 1.261354300772101755e-01 1.175377392260645859e-01
9.103554343752887634e-01 8.609099879520969445e-01 1.283032962160083335e-01 2.695136910594468915e-01 7.024788634297953749e-01 4.388814274988885877e-01 4.811764685346174852e-01 8.120373990147113918e-01
8.827987475666849715e-01 1.110091103313803895e-02 5.126290996237784503e-01 1.046896682788920341e-01 4.499987042714967966e-01 5.881106279406256299e-02 2.794484151855635146e-01 1.618081912797427746e-01
8.595862505851370461e-02 2.647546990902115427e-01 9.683537029323279199e-01 4.265208310895645116e-01 9.955608705472962505e-03 9.735666830292527552e-01 3.457571863186802430e-01 4.188557381554959269e-01
5.776583348914038352e-01 4.268480735802892001e-01 2.405653223337771429e-01 6.045223542607357503e-01 1.094207559242451611e-01 4.792342365780477564e-02 2.899290687050838367e-01 3.967775684576069217e-01
4.401651446599955664e-01 1.310126074308349819e-01 4.391706045640357825e-01 6.899018364432129014e-01 3.969077474380129367e-01 1.619461948870116741e-01 9.949832754019071190e-01 4.095569592940354609e-01
2.262098053405290354e-01 7.848998457649408733e-01 1.139824152059147888e-01 2.274451589255876982e-04 4.145640320241669174e-01 7.605710000304565233e-01 1.494288872647349109e-01 2.891478143261816403e-02
7.424325477931554840e-01 6.723406287368912659e-01 1.741735488067219784e-01 3.665222606646866277e-01 3.890521533325085324e-01 6.088562198709579487e-02 4.146606219626568501e-01 2.016442709090109364e-01
4.476846432192830294e-01 6.753929350527417830e-01 1.563044792412822126e-01 2.848728590694671325e-01 6.682382194010051402e-01 8.672674534620652409e-01 1.157491365819708351e-01 4.374368516089617298e-01
2.934735969967362523e-01 4.666998730606455315e-01 9.065593426598943516e-01 6.566546684573747461e-01 8.211612003830561779e-01 8.523645450564023562e-01 5.835727124003827759e-01 9.194591585559077629e-01
4.736822139264424969e-01 4.619408076549766928e-01 2.390581716765893816e-01 1.161691592692262187e-01 3.187135013066330069e-01 2.919874879307226001e-01 3.794931274625891193e-01 2.077067374467816974e-01
2.039239509427210884e-01 6.205097431928564555e-01 9.781994722729009384e-01 6.929461308311705148e-01 8.067169436677048555e-01 3.804881295577927647e-01 3.316985278540799387e-01 1.703278059850140691e-01
8.373407651159633369e-01 3.998040264213897910e-02 9.074825911238939558e-01 6.524424736228572330e-01 4.931589233185191823e-01 8.893546387002614351e-01 1.107006770138921903e-01 3.959254529292871583e-01
5.637465511190472567e-01 3.725028939219676705e-01 9.615717067745683799e-01 4.461582926799789739e-01 7.517791801003581575e-02 8.190285736310536358e-01 3.706511071276250568e-01 2.024151256596518067e-02
3.498100875293576051e-01 9.238059397998956701e-01 6.647478955031342895e-01 2.217523273395433092e-01 9.037937806346377778e-01 1.276541988418815610e-01 5.743844399800233091e-01 4.620142867306787915e-01
3.254050022906401773e-01 3.881218917728801454e-02 1.079842802663896206e-01 9.554025569474456914e-01 2.014217803595886869e-01 7.523131763385491055e-01 1.750573844758732678e-01 7.502287639530313967e-04
5.065087988810785813e-01 4.604273498729319902e-01 9.606017643966737740e-01 8.624384779530872569e-01 9.062409873170668151e-01 1.316602244536325683e-01 8.757398833528405868e-01 8.947730095513067861e-01
6.053543743783519337e-01 4.114155854473540153e-01 5.389889526577674728e-01 3.390625083685635532e-01 5.723185604044412900e-01 5.400502519492134113e-01 1.927538183827305351e-01 7.912782856576000556e-01
3.030124560200279094e-01 7.138372662492890042e-01 1.510395138403145543e-01 4.945074018693583762e-01 8.268631792314869999e-01 7.554716840207821305e-01 3.842676373930885569e-01 2.176858537975180363e-01
6.453253787726335178e-01 4.681407085387209177e-01 3.209697043089347890e-01 1.649243875557522276e-01 1.169487950251907327e-01 5.247532295063769281e-01 8.378707953617349213e-01 5.198860713035023950e-01
9.152636128656360670e-01 6.408552193899847982e-01 5.983810672697352784e-01 2.501043944737053604e-01 6.944671586110096051e-02 6.467896323875447218e-01 3.530703257179325094e-01 8.674780687447467553e-01
5.629611850543522200e-01 5.060004188785377499e-01 5.938332371935273191e-02 7.395700093865373859e-01 8.054693700308810378e-01 3.472579910326776265e-01 4.458183308385454957e-01 5.741807494233317488e-01
9.618357636333191296e-01 5.217848043952812986e-01 4.030631517284609666e-01 7.273832820963263002e-01 8.553947322601108683e-01 5.717755049149367830e-01 3.410161125870974086e-01 1.251243779484197960e-01
3.822255411177201134e-01 3.909704663260317181e-01 9.445102312407323009e-01 3.641123810808348793e-01 5.428980233822395807e-01 1.851169709630183791e-01 9.816706831554575796e-01 5.805204574960031172e-01
8.482550317908461590e-01 1.027967981679818177e-01 3.334346245231976091e-01 6.290319103012435020e-01 4.944189607004808584e-01 1.914785806296276371e-01 7.574903456060084750e-01 9.433917361081521902e-01
8.215978073072598420e-01 4.873359633316770578e-01 9.235506020792916271e-01 7.790560153999803727e-02 7.319151475895147030e-02 1.231453718974484524e-02 4.490085797616528707e-01 9.739138754397743680e-01
2.137207799725719948e-01 9.873330731911819091e-01 9.279285066390371428e-01 3.501792707112844072e-01 9.861126664371306916e-01 3.896461975609981643e-01 2.515828277510843147e-01 8.011369046551036766e-01
2.051157004155157448e-01 4.237502433382387412e-01 8.587074344419414196e-01 3.949990950185254812e-01 1.861925804561885833e-01 4.898852005294224154e-01 6.851550486395420192e-01 7.410749437684388541e-01
4.193556554739849007e-01 4.792320739302853294e-01 7.607825421842165925e-01 1.818127480953379838e-01 2.799732974467313840e-01 8.458131054695828821e-01 3.491852451538557389e-02 3.791022014190794653e-01
8.373911330668798447e-01 1.369722843297899173e-01 6.733753683896832598e-01 1.617918191609656331e-01 2.694275597510986664e-02 5.434929529251839586e-01 7.651600112617961136e-01 2.487295526450612471e-01
9.532141745313821302e-01 9.052550960729411900e-01 7.793271230063973931e-01 5.779673298581022856e-02 8.608227874628925358e-01 8.855382514146677986e-01 9.903804040202970338e-01 5.383916912096231577e-02
5.212768669861090887e-01 5.729964261462473507e-01 1.491668897081194212e-01 3.469410463589648330e-01 4.232310804075001265e-01 7.419710657536904286e-02 1.489397462237956882e-01 4.482446833824738075e-02
3.129585201376254844e-01 1.647201852331994232e-01 3.260947650856798052e-01 7.639371640067504909e-02 9.675604079646954458e-01 3.519125372580367284e-01 8.875888991758368318e-01 3.527472023115277855e-01
3.112424809021533401e-01 8.025517232778944798e-01 2.134537869488087880e-01 5.211474915453881973e-01 5.190487179547078611e-01 3.489427033714681547e-01 4.193764311298774361e-01 9.489516992291093800e-01
5.669565026588181400e-01 3.145220947831581793e-01 4.977006786387991877e-01 9.789371812709863896e-01 9.169220375568897241e-01 8.871471863405221425e-01 4.010494517704371598e-01 1.005649360642094647e-01
5.380817850706764993e-03 3.573936634736661899e-01 8.957247298029016314e-01 7.440964729695614954e-01 8.441677807011701562e-01 3.925555889292886569e-01 7.036213292768898064e-01 7.917204563057197442e-01
7.993542019245075680e-01 4.161239969865032640e-01 2.184712551645169309e-01 3.725451117927613964e-02 1.319521120400235503e-02 3.114962638367710923e-01 2.068788443896928397e-01 9.038666351371116292e-01
5.166039426537033519e-01 9.257822801134252266e-01 7.592506680850855671e-01 7.233385233344084009e-01 9.323101525371385589e-01 2.553792392025985292e-01 4.699095426655564012e-01 7.781982103735013423e-01
6.670081807772758609e-01 8.488453949775662810e-01 8.494546027959494205e-01 6.202316862449546164e-01 3.207510106571795916e-01 9.495706515006862025e-01 8.101373056641268944e-01 6.596029860624508245e-02
3.060168457582604917e-01 5.722408451725000678e-01 8.639240463466374420e-01 7.552482838568927992e-01 5.153304500913821196e-01 7.303995395711628813e-01 3.495844409182335966e-01 9.397597929212049284e-01
9.569674928693840954e-01 2.239019009486610257e-01 4.444794104336062812e-01 8.626411857827649410e-01 9.505127112031974690e-02 7.367474591898304226e-01 1.522289938319203451e-01 3.138507211066507985e-01
6.577847500343743103e-01 8.370426611207850698e-01 2.252397659775252636e-01 7.417873051887309277e-01 6.584513072304387649e-01 9.624305730072000298e-01 4.894774435709340343e-01 7.417570205750239065e-01
9.546367522755855317e-01 8.128697802985523913e-01 3.477417096347639180e-01 6.027855942577281523e-01 7.118706200048185995e-02 9.474213938124889101e-01 5.085187413415243052e-01 7.372982465365348625e-01
2.930002519974244102e-01 9.063383554220985072e-01 9.738864686688419869e-02 5.868810566601163625e-01 5.346147842930824012e-01 3.145665476592276466e-01 6.485146113919189048e-01 2.789800797275291400e-01
5.184997145070057156e-01 4.611499582570800504e-01 4.506686270713144982e-01 2.814499348590456806e-01 4.681267013908119168e-01 5.140778007503291613e-01 8.705350121159928234e-01 4.469606606914977576e-04
7.838871946558967352e-03 9.304412716625237723e-01 1.777952414698890093e-01 4.449004406661096755e-01 9.560049465852976658e-01 5.589779443632074685e-01 1.192103000550063241e-01 3.653857832384266313e-02
3.503911648695183789e-01 5.360191941147220973e-01 3.473019203904588181e-01 6.119391416765284086e-01 6.637834010769920745e-01 8.947498157940971808e-01 9.181725065747259329e-01 4.997810185603269728e-01
8.549838600660770727e-01 9.752754774074677835e-01 9.207103971166495926e-01 2.296376035868693544e-01 9.064574703213978957e-03 9.652611072917296475e-01 9.773311768175421133e-01 8.102139726381288876e-01
1.510089339972038314e-01 7.121708834633785346e-01 2.398820985994279953e-01 6.566723163588026324e-01 6.980128405566510263e-02 2.507607138474166053e-02 8.813962016065223226e-01 5.133488961762316949e-01
3.344498126352920542e-01 8.864137607304255484e-01 7.114476493871263463e-01 9.746710386971219053e-01 9.820756369795533569e-01 3.181570416096947129e-01 4.946648520312205699e-01 5.614745569045500595e-01
1.258330554908059229e-01 7.920756324528543946e-02 1.564266572834076552e-01 2.371317906715001422e-01 9.939815836319543241e-01 3.391310127194058222e-02 9.695214191102086154e-03 9.587104450012771117e-01
8.270164025964887866e-01 4.868250683470224383e-01 9.814876686226535751e-01 1.194065976662540551e-01 8.608233221571314209e-01 2.320357861947637268e-01 1.792693404967176107e-01 1.110474593124306519e-01
7.429038449972342750e-01 5.104576803090122850e-01 5.885316295466596070e-01 1.751882399643682753e-01 2.801238173755160599e-01 3.208784369488992816e-01 4.490761123118695020e-01 2.156133321281954451e-01
2.980815322243812737e-03 2.516424712330657121e-01 9.314972456419730040e-01 2.193748796807472035e-01 6.126874793893259952e-01 3.967583829370620041e-01 9.770593460511353134e-01 1.091526989541997672e-01
3.621040787776410586e-01 8.398885204514920932e-01 4.725691652193896308e-01 5.359911699961564802e-01 9.449195779263630524e-01 6.897034432080761945e-01 7.763094372836031321e-01 8.510745143198124030e-01
4.030553454292544746e-01 7.412141204839873820e-01 2.339854411133529544e-01 5.607005367237807292e-01 6.810123286475577853e-02 1.479245724728195377e-02 9.856819147202883213e-01 1.973782669741397378e-02
3.020959146465485023e-01 5.399407209612472336e-02 1.484567066238177135e-01 1.767404522527573629e-01 7.667745835652650666e-01 4.252147239801828960e-03 3.693026645410413256e-02 2.305889310287743132e-01
6.528711777100882907e-01 7.337325171638607868e-01 2.240979553015165493e-02 2.553385687670609583e-01 9.189139346215040582e-01 7.450300055725145310e-02 1.271026599895834774e-01 3.862189686701366087e-01
4.121345109770795379e-01 5.448047302743463938e-01 8.730151735897743182e-01 5.916353237832483458e-02 1.965052143648731153e-01 6.647253742231676865e-01 1.433050956281275434e-01 7.989199411591640931e-02
2.715384010894810185e-01 4.380305064494237621e-01 5.173305628183587634e-01 2.008452288804003505e-01 1.010922746129390148e-01 3.993188465423330724e-01 4.927776241651137257e-01 4.855685326546067548e-01
6.551175207084416474e-01 3.585815989300570328e-01 8.231880904061925630e-01 6.085807757403328688e-01 7.659968464746272909e-01 6.990900496707576073e-01 8.547779183281359883e-01 5.081970340225370197e-01
8.892676999824148387e-01 8.914871272089914811e-01 4.320947795011266246e-01 5.198059909253385236e-01 2.989638912367231782e-01 2.216991654065779693e-01 6.897602609847313104e-01 2.466777973668199397e-01
6.673379342742448150e-01 9.473418072132457901e-01 8.543357146168720773e-01 5.300453098309545474e-01 6.748707484420504166e-01 2.143347075823343051e-01 1.949730964433419311e-01 8.488228947789341339e-01
3.460020254824104358e-01 1.037093160120960977e-01 5.658226244057692478e-01 8.081991116599662739e-02 3.072938801170981282e-01 5.345407018473635752e-01 8.923621866538599123e-01 9.495657191551337695e-01
5.245385849283726865e-01 6.280156373806030645e-01 1.405187373563937525e-01 3.514716828975495977e-01 3.121148247261922304e-01 3.205155615708139560e-01 3.297787287077046381e-01 6.357905780275072694e-01
